0.0004666949003668663
-0.0005822511035514398
-0.012757459351349119
-0.015969122905584852
-0.0007111269378851597
0.009444375031772378
-0.010978428124992558
0.02958059434253738
-0.005604980679955038
0.00886832712720954
0.031977478125800166
-0.005877784587211328
0.0023512202119689023
0.008230715156075527
-0.010080750289349917
0.0033383667851503897
0.02578079840499817
-0.0026882430052191683
-0.012247719565231172
0.002248888347198852
0.0006218517843618277
-0.0008425714580129682
-0.006395320693290287
-0.006298284276245139
-0.0013254814600068966
0.004377631692643371
-0.00508630308613046
0.011836899591244208
-0.00212115479879977
0.0017676378357751737
0.012877403491083603
-0.0014158712572104606
0.0014895918988168308
0.004053496585723373
-0.005333752917680972
0.001665473544339014
0.010291291480463427
-0.0010380673012877046
-0.004168612572178706
0.001126183298524187
0.001030672852988553
-0.0005987985382823773
-0.009949007940755986
-0.011310524594464598
-0.001072152900807474
0.008115281662572494
-0.008732103486738751
0.020480712154126505
-0.004132253988022008
0.0033378315358859253
0.025902175144977436
-0.004756791100173569
0.0025977552024781625
0.005633922598205777
-0.007320067475061634
0.0032505314409885517
0.021533801454975594
-0.002059172044372605
-0.01126830462280176
0.0012121865339293034
0.0015971399954610376
-0.0018300395309348372
-0.010649430351906547
-0.012478834796325423
-0.0010531668905718278
0.008296690622515252
-0.008450136626059892
0.023160839973472812
-0.0037260167405992225
0.0016478476049864607
0.026644104200631024
-0.003023934260775884
0.002022919013576166
0.006600058390331179
-0.008857335050502353
0.002892332014952656
0.014511510082151909
-0.002833604061020421
-0.006547431037330107
0.0021975957811222685
0.0013975309151003541
-0.0015713541214110811
0.005678257003659788
0.006397426762416835
-0.0018176710644192717
-0.0015313615568931533
0.003268790509427483
-0.007106905238454451
0.0017029202690550214
-0.008968913844646688
-0.00960950309394546
0.004081077343040893
-0.001121585860611335
-0.0010071980278190597
-0.0028161717010417534
-0.00294725651632536
-0.007600600579909741
-0.0009095952062210287
0.01369582022251343
-0.0007353766829622467
-0.0002324239809863631
-5.1793938309439096e-05
0.002802788055829559
0.004133806967662443
0.0005189081198471633
-0.0026653536565990153
0.0030751263529629363
-0.007582696297081048
0.0013633012224034558
-2.803101362864627e-05
-0.009765191900050069
0.0026831120285772834
-0.0008091881477233477
-0.002334430357655454
5.098726777945974e-05
-0.0008182041068780687
-0.009147207898966081
0.0006680604506685427
0.004737612576744989
6.271463861372568e-06
-0.0006716580411852666
0.0009232691282452955
0.00731738798028218
0.008731121524405973
0.0008984073381087762
-0.005645229359744764
0.005790312562215896
-0.015229283958981002
0.0024062558767353774
-0.0011060229973203146
-0.01895710368797078
0.0011156536244476749
-0.001195015661654852
-0.0047097376846953936
0.0064970660678721655
-0.0014836516456129972
-0.009319945872927725
0.0017486921418529277
0.00419855693760525
-0.001151065650594969
0.00031340649504310483
0.0001013304176559882
0.0033928363530007733
0.004201945540123482
-0.0004375208323906471
-0.002897130617045376
0.002325587481182034
-0.007896086466579699
0.0006235482035282664
-0.0011059996653150074
-0.007204793743601141
0.0013781228985730745
-0.0003740111545320697
-0.0011990279031499542
0.0023485957742433255
-0.0007242242569508096
-0.005575920624180475
0.0011389502126600184
0.002749712225530281
-0.0009087104427428615
-0.0003716758417338469
0.00030040091036985213
0.0004752502197920739
0.0004162618639899291
0.0011559110885948902
-0.0013815908178139882
0.0006862606971621705
-0.001418936807602015
0.0006185961090514869
0.00037787640874227963
-0.0019960133396207083
0.0002857871143816054
-0.0002021301318897314
-0.00032161777067293726
-0.0011283221452744656
-0.0002877300151687776
-0.0024161134349798804
0.0010491353624671965
-0.002010187360323287
2.2458552550787627e-05
-0.0002862370665819973
0.0009212753323088102
-0.006414484801160696
-0.008057772802310128
0.000841733373017933
0.004510365217968708
-0.005510477941055442
0.014959379372495871
-0.002289509011682071
0.00427915236753631
0.01704284571329642
-0.0048677305521236496
0.0016097027311143869
0.0009570717901749833
-0.00010624422468360486
0.002469001543191963
0.014306512022847466
-0.000688442628278187
-0.010391365400626568
0.0008077704324585569
-0.00047410078477001024
0.0007202237060826859
-0.004206978305458206
-0.006307996186516314
0.0011458979699143766
0.0034776220027466502
-0.004758400895200014
0.010785800590988999
-0.0015032362949979484
0.0032314895299450225
0.013431806478867499
-0.003762698730221668
0.00045848631682959736
0.0018306134484715126
-0.001692149683264661
0.0017006418163319531
0.011304359043158844
-0.0008033307606239311
-0.0062948585328196985
0.0008310069683607631
-0.0008640261476013394
0.0010710410021730137
0.006855804098319578
0.008226652722438648
0.0010547779208074555
-0.004481204210044522
0.005934727531774903
-0.014765203623490158
0.0024267396444635743
-0.006242470353733085
-0.016119228711073044
0.0022427367479049836
-0.0011765947401781165
-0.0049439385044775935
0.007954851793799766
-0.0015095160003537444
-0.012570719725471833
0.0011924028862616786
0.004882443642215837
-0.001089128114605838
0.00020569526309206245
-0.00045179879327742454
0.006943050478754156
0.00736444843887395
-0.0012302104388259862
-0.004474662850366772
0.005303498582410125
-0.012649780823662455
0.00215593848917098
-0.002940862284640836
-0.014952584441635367
0.003967094886623486
-0.0017343636775489647
-0.002324708950513445
0.003100606900913777
-0.0018476739148988864
-0.011850921909843012
0.0005410109279532111
0.0072006025262380926
-0.0007352278986973478
-0.0008782151198790343
0.0007801301631180805
0.010723334086095751
0.013856104059261767
0.00013530853365095047
-0.0093458519563446
0.010441227853448903
-0.030528093300577982
0.004479267327593541
-0.0032939825800132865
-0.029841985718088018
0.0050642037442302085
-0.0018700592770380076
-0.0058435491363914875
0.010996009624520261
-0.0035330522308514556
-0.022751853965723316
0.0030802075330793664
0.009521728315836257
-0.001946503478643312
-0.0009884334428718086
0.0012464390531597164
0.004022918113153354
0.005159460754617633
0.00045081415462649435
-0.0034037744538796175
0.003844321032281448
-0.01003015138052275
0.0018786068348503999
-0.00023664868479149041
-0.010807531189482382
0.0006302371585162921
-0.0007696862208885992
-0.002564172371680315
0.0029505748646267756
-0.001125348272288123
-0.008574164820186643
0.0013666217170393955
0.0030331565723599207
-0.0008204099374004168
-0.00039097249458801953
0.0004235533218409371
0.005745552704685457
0.006621970117510193
0.0004029889867870562
-0.005116076063278227
0.005443986274444687
-0.012147810859686508
0.0024394268002753293
-0.0024582281109459155
-0.01366176504409299
0.0026483379569233923
-0.0014397785123170402
-0.0031290035020479744
0.004887904516657092
-0.0016116892532213546
-0.011872863525797877
-1.3732910089163004e-05
0.007980065788004255
-0.0006709089246518162
-0.0008932720158833205
-0.0005228689472317929
0.0016903070321426718
0.0015275766921108616
0.0005703852574335668
-0.001456795937358606
0.0009805777827843556
-0.003190653085397896
0.0008553169307533178
0.0017816220784382193
-0.0027322117016456613
0.0012069132667224978
-0.00025500546445722576
-0.0011814145651784297
0.0012171585324361816
-0.00033892017520028737
-0.0019319356212402618
0.0008206614212752189
0.0001499182618713371
-0.0005376210806948042
0.0012756448824674698
-0.0013580803782948614
-0.002446326894463579
-0.005739770944176333
-0.0013553679904638111
0.003597893980035961
-0.0030597144277773195
0.010378970778867935
-0.0014795427554505681
-0.0015977728123775098
0.00737168005959276
0.0007033574092140114
0.00033757185257397995
0.0033183618534137534
-0.0069896587274727254
0.0009350202751837004
0.00503948869275016
-0.002120556320335268
0.0038222088751288467
0.0007612881452182962
-0.0012035869354120872
0.0011030584384828473
0.0037859455173873393
0.005601713818567621
0.0017702534676547227
-0.0036189150161973255
0.003923134687643574
-0.009854654652521992
0.0022300741136468726
0.0008266404659974701
-0.012966037802413748
0.0017120321448163966
-0.0007276264127645362
-0.0038371229570332652
0.005470215036397019
-0.0012818488428034955
-0.011494483267909694
0.0015741346883149936
-0.00012766991091430827
-0.0006368331829822143
-1.2702954581413094e-05
0.0007338149151598597
-0.006942392061900211
-0.005839581931531188
0.000742894986919122
0.0038239383680675086
-0.0042745872487275375
0.010768135200734172
-0.0020566002760747286
0.003711589982192283
0.012862822421030618
-0.004170760410212442
0.0010349076367224483
0.0023191118073702696
-0.00017023760852103708
0.0016147545915977382
0.011522802493200982
0.000599048501700724
-0.01084684341080354
0.00014353228983445112
